# frame: output
# refimage: shifts_wcs.fits[wcs]
# form: delta
# units: pixels
icrr01y7q_flt.fits    0.000000  0.000000    0.000000     1.000000   0.000000  0.000000
icrr01y8q_flt.fits    -0.003327  -0.031796    0.000114     0.999992   0.116715  0.100286
icrr01yaq_flt.fits    -0.015442  -0.064957    0.000175     0.999996   0.100610  0.092753
icrr01ycq_flt.fits    -0.029536  -0.084771    359.999749     0.999995   0.104883  0.094501
icrr01yeq_flt.fits    -0.031144  -0.128321    359.999992     0.999996   0.102230  0.100663
icrr01ygq_flt.fits    -0.034591  -0.141826    0.000084     0.999998   0.107094  0.098904
icrr01yiq_flt.fits    -0.020825  -0.154622    0.000034     0.999997   0.105314  0.102716
icrr02ozq_flt.fits    -0.524349  -2.022652    359.997983     0.999995   0.120850  0.092885
icrr02p0q_flt.fits    -0.524638  -2.071345    359.998309     0.999994   0.082845  0.087571
icrr02p2q_flt.fits    -0.532337  -2.123777    359.997989     0.999988   0.106015  0.096350
icrr02p3q_flt.fits    -0.556440  -2.152227    359.998149     0.999991   0.102075  0.099476
icrr02p5q_flt.fits    -0.529777  -2.167153    359.998104     0.999996   0.104873  0.101721
icrr03rqq_flt.fits    -0.941928  -1.749623    359.993692     0.999985   0.084001  0.084633
icrr03rrq_flt.fits    -0.964153  -1.785628    359.993213     0.999985   0.115046  0.102461
icrr03rtq_flt.fits    -0.964725  -1.847721    359.993644     1.000001   0.101151  0.094578
